[gd_scene load_steps=2789 format=3 uid="uid://bc4a4fdp1aex6"]

[ext_resource type="Script" path="res://addons/dreadpon.spatial_gardener/gardener/gardener.gd" id="1_xqinl"]
[ext_resource type="Script" path="res://addons/dreadpon.spatial_gardener/arborist/arborist.gd" id="2_p832t"]
[ext_resource type="PackedScene" uid="uid://k3qksunskqfg" path="res://testing/assets/landscape/landscape.tscn" id="7_1sn18"]
[ext_resource type="Script" path="res://addons/dreadpon.spatial_gardener/arborist/mmi_octree/mmi_octree_node.gd" id="8_oanlo"]
[ext_resource type="Script" path="res://addons/dreadpon.spatial_gardener/arborist/mmi_octree/mmi_octree_manager.gd" id="9_j7pjr"]

[sub_resource type="ProceduralSkyMaterial" id="ProceduralSkyMaterial_om6j3"]

[sub_resource type="Sky" id="Sky_ytwi2"]
sky_material = SubResource("ProceduralSkyMaterial_om6j3")

[sub_resource type="Environment" id="Environment_b0lmu"]
background_mode = 2
sky = SubResource("Sky_ytwi2")

[sub_resource type="Resource" id="Resource_regrf"]
resource_local_to_scene = true
resource_name = "MMIOctreeNode"
script = ExtResource("8_oanlo")
member_placeforms = []
child_nodes = []
max_members = 10
min_leaf_extent = 1.0
octant = 0
is_leaf = true
center_pos = Vector3(-75.0939, -46.9885, -75.6546)
extent = 25.2467
bounds = AABB(-100.341, -72.2353, -100.901, 50.4935, 50.4935, 50.4935)
max_bounds_to_center_dist = 43.7287
min_bounds_to_center_dist = 25.2467
active_LOD_index = 2
metadata/class = "MMIOctreeNode"

[sub_resource type="Resource" id="Resource_ogwrd"]
resource_local_to_scene = true
resource_name = "MMIOctreeNode"
script = ExtResource("8_oanlo")
member_placeforms = []
child_nodes = []
max_members = 10
min_leaf_extent = 1.0
octant = 1
is_leaf = true
center_pos = Vector3(-75.0939, -46.9885, -25.1611)
extent = 25.2467
bounds = AABB(-100.341, -72.2353, -50.4078, 50.4935, 50.4935, 50.4935)
max_bounds_to_center_dist = 43.7287
min_bounds_to_center_dist = 25.2467
active_LOD_index = 2
metadata/class = "MMIOctreeNode"

[sub_resource type="Resource" id="Resource_p2lsp"]
resource_local_to_scene = true
resource_name = "MMIOctreeNode"
script = ExtResource("8_oanlo")
member_placeforms = []
child_nodes = []
max_members = 10
min_leaf_extent = 1.0
octant = 0
is_leaf = true
center_pos = Vector3(-87.7173, -9.11841, -88.2779)
extent = 12.6234
bounds = AABB(-100.341, -21.7418, -100.901, 25.2467, 25.2467, 25.2467)
max_bounds_to_center_dist = 21.8643
min_bounds_to_center_dist = 12.6234
active_LOD_index = 2
metadata/class = "MMIOctreeNode"

[sub_resource type="Resource" id="Resource_2g6tb"]
resource_local_to_scene = true
resource_name = "MMIOctreeNode"
script = ExtResource("8_oanlo")
member_placeforms = []
child_nodes = []
max_members = 10
min_leaf_extent = 1.0
octant = 1
is_leaf = true
center_pos = Vector3(-87.7173, -9.11841, -63.0312)
extent = 12.6234
bounds = AABB(-100.341, -21.7418, -75.6546, 25.2467, 25.2467, 25.2467)
max_bounds_to_center_dist = 21.8643
min_bounds_to_center_dist = 12.6234
active_LOD_index = 2
metadata/class = "MMIOctreeNode"

[sub_resource type="Resource" id="Resource_hfsto"]
resource_local_to_scene = true
resource_name = "MMIOctreeNode"
script = ExtResource("8_oanlo")
member_placeforms = []
child_nodes = []
max_members = 10
min_leaf_extent = 1.0
octant = 0
is_leaf = true
center_pos = Vector3(-97.1848, 6.66081, -97.7455)
extent = 3.15584
bounds = AABB(-100.341, 3.50496, -100.901, 6.31169, 6.31169, 6.31169)
max_bounds_to_center_dist = 5.46608
min_bounds_to_center_dist = 3.15584
active_LOD_index = 2
metadata/class = "MMIOctreeNode"

[sub_resource type="Resource" id="Resource_vrris"]
resource_local_to_scene = true
resource_name = "MMIOctreeNode"
script = ExtResource("8_oanlo")
member_placeforms = []
child_nodes = []
max_members = 10
min_leaf_extent = 1.0
octant = 1
is_leaf = true
center_pos = Vector3(-97.1848, 6.66081, -91.4338)
extent = 3.15584
bounds = AABB(-100.341, 3.50496, -94.5896, 6.31169, 6.31169, 6.31169)
max_bounds_to_center_dist = 5.46608
min_bounds_to_center_dist = 3.15584
active_LOD_index = 2
metadata/class = "MMIOctreeNode"

[sub_resource type="Resource" id="Resource_humhw"]
resource_local_to_scene = true
resource_name = "MMIOctreeNode"
script = ExtResource("8_oanlo")
member_placeforms = [[Vector3(-94.1584, 12.503, -94.8487), Vector3(-0.384189, 0.923169, -0.012568), Transform3D(-0.0807919, -0.384189, 0.919713, -0.0471769, 0.923169, 0.381489, -0.995614, -0.012568, -0.0927094, -94.1584, 12.503, -94.8487), 5], [Vector3(-97.7247, 12.5402, -95.8734), Vector3(-0.13699, 0.986729, -0.0871707), Transform3D(0.652853, -0.13699, 0.744994, 0.0237519, 0.986729, 0.160627, -0.757112, -0.0871707, 0.647443, -97.7247, 12.5402, -95.8734), 1], [Vector3(-97.4956, 12.8102, -98.0918), Vector3(-0.22866, 0.971871, 0.0564033), Transform3D(-0.972085, -0.22866, -0.0525853, -0.231073, 0.971871, 0.045523, 0.0406968, 0.0564033, -0.997578, -97.4956, 12.8102, -98.0918), 0], [Vector3(-95.5765, 12.2971, -99.4052), Vector3(-0.420357, 0.906268, -0.0444895), Transform3D(-0.884924, -0.420357, -0.200523, -0.398634, 0.906268, -0.140605, 0.240831, -0.0444895, -0.969547, -95.5765, 12.2971, -99.4052), 4], [Vector3(-99.7162, 13.0307, -97.7526), Vector3(-0.151346, 0.984861, -0.0845166), Transform3D(0.95857, -0.151346, -0.241326, 0.167103, 0.984861, 0.0461001, 0.230695, -0.0845166, 0.969349, -99.7162, 13.0307, -97.7526), 2], [Vector3(-95.6093, 12.4349, -95.5408), Vector3(-0.384189, 0.923169, -0.012568), Transform3D(0.706316, -0.384189, -0.594573, 0.302655, 0.923169, -0.236979, 0.639936, -0.012568, 0.768326, -95.6093, 12.4349, -95.5408), 5]]
child_nodes = []
max_members = 10
min_leaf_extent = 1.0
octant = 2
is_leaf = true
center_pos = Vector3(-97.1848, 12.9725, -97.7455)
extent = 3.15584
bounds = AABB(-100.341, 9.81665, -100.901, 6.31169, 6.31169, 6.31169)
max_bounds_to_center_dist = 5.46608
min_bounds_to_center_dist = 3.15584
active_LOD_index = 2
metadata/class = "MMIOctreeNode"

[sub_resource type="Resource" id="Resource_bhevj"]
resource_local_to_scene = true
resource_name = "MMIOctreeNode"
script = ExtResource("8_oanlo")
member_placeforms = [[Vector3(-95.046, 13.0859, -90.6992), Vector3(-0.540026, 0.832589, -0.123156), Transform3D(-0.370421, -0.540026, -0.755751, -0.103721, 0.832589, -0.544094, 0.923055, -0.123156, -0.364421, -95.046, 13.0859, -90.6992), 7], [Vector3(-97.3494, 13.3961, -89.1073), Vector3(-0.513178, 0.812115, -0.2777), Transform3D(0.673882, -0.513178, -0.531537, 0.581627, 0.812115, -0.0466797, 0.455624, -0.2777, 0.845748, -97.3494, 13.3961, -89.1073), 3], [Vector3(-94.7584, 12.7613, -92.2033), Vector3(-0.385042, 0.905754, -0.177063), Transform3D(-0.282728, -0.385042, -0.878526, 0.0668658, 0.905754, -0.418495, 0.956867, -0.177063, -0.230336, -94.7584, 12.7613, -92.2033), 4], [Vector3(-97.4738, 12.5235, -93.7069), Vector3(-0.296315, 0.941331, -0.161534), Transform3D(0.755388, -0.296315, 0.584454, 0.127485, 0.941331, 0.31248, -0.642757, -0.161534, 0.748846, -97.4738, 12.5235, -93.7069), 0], [Vector3(-99.5014, 12.8549, -93.6224), Vector3(-0.13699, 0.986729, -0.0871707), Transform3D(-0.350821, -0.13699, 0.926369, -0.130625, 0.986729, 0.0964482, -0.927288, -0.0871707, -0.364059, -99.5014, 12.8549, -93.6224), 0], [Vector3(-99.0995, 12.8548, -91.8418), Vector3(-0.296315, 0.941331, -0.161534), Transform3D(-0.766612, -0.296315, 0.569652, -0.335289, 0.941331, 0.0384339, -0.547619, -0.161534, -0.820987, -99.0995, 12.8548, -91.8418), 0]]
child_nodes = []
max_members = 10
min_leaf_extent = 1.0
octant = 3
is_leaf = true
center_pos = Vector3(-97.1848, 12.9725, -91.4338)
extent = 3.15584
bounds = AABB(-100.341, 9.81665, -94.5896, 6.31169, 6.31169, 6.31169)
max_bounds_to_center_dist = 5.46608
min_bounds_to_center_dist = 3.15584
active_LOD_index = 2
metadata/class = "MMIOctreeNode"

[sub_resource type="Resource" id="Resource_3yyy1"]
resource_local_to_scene = true
resource_name = "MMIOctreeNode"
script = ExtResource("8_oanlo")
member_placeforms = []
child_nodes = []
max_members = 10
min_leaf_extent = 1.0
octant = 4
is_leaf = true
center_pos = Vector3(-90.8731, 6.66081, -97.7455)
extent = 3.15584
bounds = AABB(-94.029, 3.50496, -100.901, 6.31169, 6.31169, 6.31169)
max_bounds_to_center_dist = 5.46608
min_bounds_to_center_dist = 3.15584
active_LOD_index = 2
metadata/class = "MMIOctreeNode"

[sub_resource type="Resource" id="Resource_orj5c"]
resource_local_to_scene = true
resource_name = "MMIOctreeNode"
script = ExtResource("8_oanlo")
member_placeforms = []
child_nodes = []
max_members = 10
min_leaf_extent = 1.0
octant = 5
is_leaf = true
center_pos = Vector3(-90.8731, 6.66081, -91.4338)
extent = 3.15584
bounds = AABB(-94.029, 3.50496, -94.5896, 6.31169, 6.31169, 6.31169)
max_bounds_to_center_dist = 5.46608
min_bounds_to_center_dist = 3.15584
active_LOD_index = 2
metadata/class = "MMIOctreeNode"

[sub_resource type="Resource" id="Resource_rrky2"]
resource_local_to_scene = true
resource_name = "MMIOctreeNode"
script = ExtResource("8_oanlo")
member_placeforms = [[Vector3(-90.4736, 12.6647, -98.156), Vector3(-0.311639, 0.949143, 0.0448249), Transform3D(-0.847963, -0.311639, -0.428766, -0.299085, 0.949143, -0.0983684, 0.437615, 0.0448249, -0.898044, -90.4736, 12.6647, -98.156), 4], [Vector3(-87.8512, 13.1447, -97.2493), Vector3(-0.59225, 0.800042, -0.0957773), Transform3D(0.25512, -0.59225, 0.7643, 0.0734389, 0.800042, 0.595432, -0.964116, -0.0957773, 0.247601, -87.8512, 13.1447, -97.2493), 7], [Vector3(-91.5192, 12.6494, -97.9861), Vector3(-0.311639, 0.949143, 0.0448249), Transform3D(0.864363, -0.311639, 0.39466, 0.302765, 0.949143, 0.0863809, -0.401509, 0.0448249, 0.914758, -91.5192, 12.6494, -97.9861), 0], [Vector3(-89.5327, 12.9052, -95.5371), Vector3(-0.606451, 0.795119, 0.00185464), Transform3D(0.544951, -0.606451, 0.579004, 0.41734, 0.795119, 0.440016, -0.727225, 0.00185464, 0.686397, -89.5327, 12.9052, -95.5371), 5]]
child_nodes = []
max_members = 10
min_leaf_extent = 1.0
octant = 6
is_leaf = true
center_pos = Vector3(-90.8731, 12.9725, -97.7455)
extent = 3.15584
bounds = AABB(-94.029, 9.81665, -100.901, 6.31169, 6.31169, 6.31169)
max_bounds_to_center_dist = 5.46608
min_bounds_to_center_dist = 3.15584
active_LOD_index = 2
metadata/class = "MMIOctreeNode"

[sub_resource type="Resource" id="Resource_bkc1y"]
resource_local_to_scene = true
resource_name = "MMIOctreeNode"
script = ExtResource("8_oanlo")
member_placeforms = [[Vector3(-92.0639, 14.3803, -88.5751), Vector3(-0.570712, 0.741551, -0.352689), Transform3D(0.663419, -0.570712, 0.483904, 0.163282, 0.741551, 0.650724, -0.730215, -0.352689, 0.585146, -92.0639, 14.3803, -88.5751), 3], [Vector3(-91.2532, 13.0354, -92.5309), Vector3(-0.607731, 0.729583, -0.313641), Transform3D(0.660641, -0.607731, -0.4407, 0.683636, 0.729583, 0.0187137, 0.310155, -0.313641, 0.897459, -91.2532, 13.0354, -92.5309), 2], [Vector3(-87.9636, 13.6984, -92.1315), Vector3(-0.484419, 0.851971, -0.198707), Transform3D(0.107614, -0.484419, -0.868192, 0.283442, 0.851971, -0.440234, 0.952932, -0.198707, 0.228989, -87.9636, 13.6984, -92.1315), 6], [Vector3(-92.6122, 12.5757, -94.1296), Vector3(-0.384189, 0.923169, -0.012568), Transform3D(0.922927, -0.384189, 0.0245976, 0.383654, 0.923169, 0.0238426, -0.0318679, -0.012568, 0.999413, -92.6122, 12.5757, -94.1296), 0], [Vector3(-89.2077, 14.4403, -89.8235), Vector3(-0.171898, 0.912951, -0.370097), Transform3D(0.108509, -0.171898, 0.97912, -0.355855, 0.912951, 0.199718, -0.92822, -0.370096, 0.0378921, -89.2077, 14.4403, -89.8235), 7], [Vector3(-93.4411, 13.6788, -89.6515), Vector3(-0.588568, 0.725396, -0.356915), Transform3D(0.574993, -0.588569, 0.568305, 0.0652612, 0.725396, 0.685232, -0.815551, -0.356915, 0.455508, -93.4411, 13.6788, -89.6515), 3]]
child_nodes = []
max_members = 10
min_leaf_extent = 1.0
octant = 7
is_leaf = true
center_pos = Vector3(-90.8731, 12.9725, -91.4338)
extent = 3.15584
bounds = AABB(-94.029, 9.81665, -94.5896, 6.31169, 6.31169, 6.31169)
max_bounds_to_center_dist = 5.46608
min_bounds_to_center_dist = 3.15584
active_LOD_index = 2
metadata/class = "MMIOctreeNode"

[sub_resource type="Resource" id="Resource_dkkae"]
resource_local_to_scene = true
resource_name = "MMIOctreeNode"
script = ExtResource("8_oanlo")
member_placeforms = []
child_nodes = [SubResource("Resource_hfsto"), SubResource("Resource_vrris"), SubResource("Resource_humhw"), SubResource("Resource_bhevj"), SubResource("Resource_3yyy1"), SubResource("Resource_orj5c"), SubResource("Resource_rrky2"), SubResource("Resource_bkc1y")]
max_members = 10
min_leaf_extent = 1.0
octant = 0
is_leaf = false
center_pos = Vector3(-94.029, 9.81665, -94.5896)
extent = 6.31169
bounds = AABB(-100.341, 3.50496, -100.901, 12.6234, 12.6234, 12.6234)
max_bounds_to_center_dist = 10.9322
min_bounds_to_center_dist = 6.31169
active_LOD_index = 2
metadata/class = "MMIOctreeNode"

[sub_resource type="Resource" id="Resource_bsvkj"]
resource_local_to_scene = true
resource_name = "MMIOctreeNode"
script = ExtResource("8_oanlo")
member_placeforms = []
child_nodes = []
max_members = 10
min_leaf_extent = 1.0
octant = 0
is_leaf = true
center_pos = Vector3(-97.1848, 6.66081, -85.1221)
extent = 3.15584
bounds = AABB(-100.341, 3.50496, -88.278, 6.31169, 6.31169, 6.31169)
max_bounds_to_center_dist = 5.46608
min_bounds_to_center_dist = 3.15584
active_LOD_index = 2
metadata/class = "MMIOctreeNode"

[sub_resource type="Resource" id="Resource_jgmgh"]
resource_local_to_scene = true
resource_name = "MMIOctreeNode"
script = ExtResource("8_oanlo")
member_placeforms = []
child_nodes = []
max_members = 10
min_leaf_extent = 1.0
octant = 1
is_leaf = true
center_pos = Vector3(-97.1848, 6.66081, -78.8104)
extent = 3.15584
bounds = AABB(-100.341, 3.50496, -81.9663, 6.31169, 6.31169, 6.31169)
max_bounds_to_center_dist = 5.46608
min_bounds_to_center_dist = 3.15584
active_LOD_index = 2
metadata/class = "MMIOctreeNode"

[sub_resource type="Resource" id="Resource_w5th5"]
resource_local_to_scene = true
resource_name = "MMIOctreeNode"
script = ExtResource("8_oanlo")
member_placeforms = [[Vector3(-96.1608, 14.2122, -87.2092), Vector3(-0.508903, 0.778525, -0.367311), Transform3D(0.859453, -0.508903, 0.048563, 0.435444, 0.778525, 0.451982, -0.267822, -0.367311, 0.890704, -96.1608, 14.2122, -87.2092), 6], [Vector3(-96.0126, 14.8984, -85.6119), Vector3(-0.508903, 0.778525, -0.367311), Transform3D(0.565015, -0.508903, 0.649443, -0.0198272, 0.778525, 0.627301, -0.824843, -0.367311, 0.429788, -96.0126, 14.8984, -85.6119), 6], [Vector3(-99.1811, 14.4923, -84.7847), Vector3(-0.506337, 0.782516, -0.362343), Transform3D(0.403707, -0.506337, 0.762, -0.156195, 0.782516, 0.602721, -0.901457, -0.362343, 0.23682, -99.1811, 14.4923, -84.7847), 3], [Vector3(-95.3604, 16.1277, -82.9496), Vector3(-0.589522, 0.805801, 0.0561121), Transform3D(-0.795163, -0.589522, 0.142052, -0.566716, 0.805801, 0.171808, -0.21575, 0.0561121, -0.974835, -95.3604, 16.1277, -82.9496), 7], [Vector3(-100.046, 14.7367, -84.0437), Vector3(-0.506337, 0.782516, -0.362343), Transform3D(0.708364, -0.506337, 0.491775, 0.137804, 0.782516, 0.60719, -0.692264, -0.362343, 0.624081, -100.046, 14.7367, -84.0437), 3]]
child_nodes = []
max_members = 10
min_leaf_extent = 1.0
octant = 2
is_leaf = true
center_pos = Vector3(-97.1848, 12.9725, -85.1221)
extent = 3.15584
bounds = AABB(-100.341, 9.81665, -88.278, 6.31169, 6.31169, 6.31169)
max_bounds_to_center_dist = 5.46608
min_bounds_to_center_dist = 3.15584
active_LOD_index = 2
metadata/class = "MMIOctreeNode"

[sub_resource type="Resource" id="Resource_m7o6c"]
resource_local_to_scene = true
resource_name = "MMIOctreeNode"
script = ExtResource("8_oanlo")
member_placeforms = [[Vector3(-96.181, 14.732, -78.7394), Vector3(-0.36945, 0.815175, 0.446091), Transform3D(-0.0889896, -0.36945, 0.92498, 0.446811, 0.815175, 0.368579, -0.890191, 0.446091, 0.0925323, -96.181, 14.732, -78.7394), 7], [Vector3(-98.1511, 14.354, -78.6866), Vector3(-0.296004, 0.801473, 0.519637), Transform3D(-0.541854, -0.296004, 0.786623, 0.307118, 0.801473, 0.513146, -0.78235, 0.519637, -0.343374, -98.1511, 14.354, -78.6866), 3], [Vector3(-94.2196, 13.8361, -76.1831), Vector3(-0.332547, 0.809274, 0.48424), Transform3D(0.301126, -0.332547, -0.89372, -0.395469, 0.809274, -0.434373, 0.867714, 0.48424, 0.112181, -94.2196, 13.8361, -76.1831), 7], [Vector3(-97.1842, 15.132, -79.5614), Vector3(-0.296004, 0.801473, 0.519637), Transform3D(-0.954468, -0.296004, -0.0370436, -0.26928, 0.801473, 0.533974, -0.128369, 0.519637, -0.844689, -97.1842, 15.132, -79.5614), 6], [Vector3(-100.054, 13.3702, -76.9365), Vector3(0.255852, 0.964892, 0.059349), Transform3D(-0.768001, 0.255852, -0.587123, 0.165591, 0.964892, 0.203868, 0.618671, 0.059349, -0.783406, -100.054, 13.3702, -76.9365), 3], [Vector3(-100.315, 14.0008, -78.2231), Vector3(0.255852, 0.964892, 0.059349), Transform3D(0.34628, 0.255852, -0.902569, -0.148793, 0.964892, 0.216434, 0.926257, 0.0593489, 0.372192, -100.315, 14.0008, -78.2231), 3]]
child_nodes = []
max_members = 10
min_leaf_extent = 1.0
octant = 3
is_leaf = true
center_pos = Vector3(-97.1848, 12.9725, -78.8104)
extent = 3.15584
bounds = AABB(-100.341, 9.81665, -81.9663, 6.31169, 6.31169, 6.31169)
max_bounds_to_center_dist = 5.46608
min_bounds_to_center_dist = 3.15584
active_LOD_index = 2
metadata/class = "MMIOctreeNode"

[sub_resource type="Resource" id="Resource_pt36m"]
resource_local_to_scene = true
resource_name = "MMIOctreeNode"
script = ExtResource("8_oanlo")
member_placeforms = []
child_nodes = []
max_members = 10
min_leaf_extent = 1.0
octant = 4
is_leaf = true
center_pos = Vector3(-90.8731, 6.66081, -85.1221)
extent = 3.15584
bounds = AABB(-94.029, 3.50496, -88.278, 6.31169, 6.31169, 6.31169)
max_bounds_to_center_dist = 5.46608
min_bounds_to_center_dist = 3.15584
active_LOD_index = 2
metadata/class = "MMIOctreeNode"

[sub_resource type="Resource" id="Resource_xbmc3"]
resource_local_to_scene = true
resource_name = "MMIOctreeNode"
script = ExtResource("8_oanlo")
member_placeforms = []
child_nodes = []
max_members = 10
min_leaf_extent = 1.0
octant = 5
is_leaf = true
center_pos = Vector3(-90.8731, 6.66081, -78.8104)
extent = 3.15584
bounds = AABB(-94.029, 3.50496, -81.9663, 6.31169, 6.31169, 6.31169)
max_bounds_to_center_dist = 5.46608
min_bounds_to_center_dist = 3.15584
active_LOD_index = 2
metadata/class = "MMIOctreeNode"

[sub_resource type="Resource" id="Resource_6s1br"]
resource_local_to_scene = true
resource_name = "MMIOctreeNode"
script = ExtResource("8_oanlo")
member_placeforms = [[Vector3(-87.9266, 14.833, -87.3198), Vector3(-0.413151, 0.857758, -0.305872), Transform3D(0.173308, -0.413151, 0.894019, -0.255681, 0.857758, 0.445958, -0.9511, -0.305872, 0.0430211, -87.9266, 14.833, -87.3198), 6], [Vector3(-91.6772, 15.3393, -86.5941), Vector3(-0.48114, 0.785022, -0.390184), Transform3D(0.793902, -0.48114, 0.371785, 0.201426, 0.785022, 0.585805, -0.573714, -0.390184, 0.720145, -91.6772, 15.3393, -86.5941), 2], [Vector3(-89.6039, 15.2057, -86.7089), Vector3(-0.425916, 0.886362, -0.181544), Transform3D(-0.0730959, -0.425916, 0.901805, -0.233708, 0.886362, 0.399679, -0.969555, -0.181544, -0.164329, -89.6039, 15.2057, -86.7089), 6], [Vector3(-87.7481, 15.4139, -85.3624), Vector3(-0.413151, 0.857758, -0.305872), Transform3D(0.847374, -0.413151, 0.333563, 0.239076, 0.857758, 0.455076, -0.474131, -0.305872, 0.825616, -87.7481, 15.4139, -85.3624), 6], [Vector3(-93.6874, 15.5921, -85.1927), Vector3(-0.661032, 0.675374, -0.326966), Transform3D(0.282141, -0.661032, 0.695294, -0.180054, 0.675374, 0.715158, -0.942325, -0.326966, 0.0715296, -93.6874, 15.5921, -85.1927), 2]]
child_nodes = []
max_members = 10
min_leaf_extent = 1.0
octant = 6
is_leaf = true
center_pos = Vector3(-90.8731, 12.9725, -85.1221)
extent = 3.15584
bounds = AABB(-94.029, 9.81665, -88.278, 6.31169, 6.31169, 6.31169)
max_bounds_to_center_dist = 5.46608
min_bounds_to_center_dist = 3.15584
active_LOD_index = 2
metadata/class = "MMIOctreeNode"

[sub_resource type="Resource" id="Resource_kjj36"]
resource_local_to_scene = true
resource_name = "MMIOctreeNode"
script = ExtResource("8_oanlo")
member_placeforms = [[Vector3(-89.3611, 15.7932, -77.7156), Vector3(-0.289387, 0.893219, 0.344116), Transform3D(0.47942, -0.289387, -0.828499, -0.175908, 0.893219, -0.413784, 0.859775, 0.344116, 0.377322, -89.3611, 15.7932, -77.7156), 7], [Vector3(-93.5033, 15.7217, -79.3192), Vector3(-0.338973, 0.860324, 0.380709), Transform3D(0.914873, -0.338973, 0.219328, 0.395778, 0.860324, -0.321251, -0.0797973, 0.380709, 0.921245, -93.5033, 15.7217, -79.3192), 2], [Vector3(-92.7974, 15.1422, -77.8921), Vector3(-0.332547, 0.809274, 0.48424), Transform3D(-0.333389, -0.332547, 0.882193, 0.379431, 0.809274, 0.44845, -0.863067, 0.48424, -0.143624, -92.7974, 15.1422, -77.8921), 3]]
child_nodes = []
max_members = 10
min_leaf_extent = 1.0
octant = 7
is_leaf = true
center_pos = Vector3(-90.8731, 12.9725, -78.8104)
extent = 3.15584
bounds = AABB(-94.029, 9.81665, -81.9663, 6.31169, 6.31169, 6.31169)
max_bounds_to_center_dist = 5.46608
min_bounds_to_center_dist = 3.15584
active_LOD_index = 2
metadata/class = "MMIOctreeNode"

[sub_resource type="Resource" id="Resource_i0hp8"]
resource_local_to_scene = true
resource_name = "MMIOctreeNode"
script = ExtResource("8_oanlo")
member_placeforms = []
child_nodes = [SubResource("Resource_bsvkj"), SubResource("Resource_jgmgh"), SubResource("Resource_w5th5"), SubResource("Resource_m7o6c"), SubResource("Resource_pt36m"), SubResource("Resource_xbmc3"), SubResource("Resource_6s1br"), SubResource("Resource_kjj36")]
max_members = 10
min_leaf_extent = 1.0
octant = 1
is_leaf = false
center_pos = Vector3(-94.029, 9.81665, -81.9663)
extent = 6.31169
bounds = AABB(-100.341, 3.50496, -88.278, 12.6234, 12.6234, 12.6234)
max_bounds_to_center_dist = 10.9322
min_bounds_to_center_dist = 6.31169
active_LOD_index = 2
metadata/class = "MMIOctreeNode"

[sub_resource type="Resource" id="Resource_8qol7"]
resource_local_to_scene = true
resource_name = "MMIOctreeNode"
script = ExtResource("8_oanlo")
member_placeforms = []
child_nodes = []
max_members = 10
min_leaf_extent = 1.0
octant = 2
is_leaf = true
center_pos = Vector3(-94.029, 22.44, -94.5896)
extent = 6.31169
bounds = AABB(-100.341, 16.1283, -100.901, 12.6234, 12.6234, 12.6234)
max_bounds_to_center_dist = 10.9322
min_bounds_to_center_dist = 6.31169
active_LOD_index = 2
metadata/class = "MMIOctreeNode"

[sub_resource type="Resource" id="Resource_k3tqf"]
resource_local_to_scene = true
resource_name = "MMIOctreeNode"
script = ExtResource("8_oanlo")
member_placeforms = [[Vector3(-90.7991, 17.2428, -82.2983), Vector3(-0.587891, 0.622948, -0.516063), Transform3D(0.0414308, -0.587891, -0.807879, 0.660299, 0.622948, -0.419455, 0.749859, -0.516063, 0.413993, -90.7991, 17.2428, -82.2983), 4], [Vector3(-93.257, 16.7945, -81.6695), Vector3(-0.589522, 0.805801, 0.0561121), Transform3D(0.238986, -0.589522, -0.771589, 0.107641, 0.805801, -0.582322, 0.965038, 0.0561121, 0.256032, -93.257, 16.7945, -81.6695), 5], [Vector3(-89.1542, 16.3668, -83.885), Vector3(-0.587891, 0.622948, -0.516063), Transform3D(0.375576, -0.587891, 0.716468, -0.354833, 0.622948, 0.697158, -0.856175, -0.516063, 0.0253609, -89.1542, 16.3668, -83.885), 4], [Vector3(-91.7781, 16.2798, -84.5444), Vector3(-0.479267, 0.72122, -0.500145), Transform3D(0.835376, -0.479267, -0.269166, 0.549622, 0.72122, 0.421613, -0.00793748, -0.500145, 0.865905, -91.7781, 16.2798, -84.5444), 4], [Vector3(-89.5266, 17.0744, -82.1512), Vector3(-0.219591, 0.971579, -0.088395), Transform3D(0.900108, -0.219591, 0.376278, 0.166821, 0.971579, 0.167942, -0.402463, -0.088395, 0.911159, -89.5266, 17.0744, -82.1512), 4], [Vector3(-88.2387, 16.8866, -80.1168), Vector3(-0.268694, 0.896145, 0.353169), Transform3D(-0.402868, -0.268694, 0.874929, 0.228487, 0.896145, 0.380419, -0.886279, 0.353169, -0.299635, -88.2387, 16.8866, -80.1168), 5]]
child_nodes = []
max_members = 10
min_leaf_extent = 1.0
octant = 3
is_leaf = true
center_pos = Vector3(-94.029, 22.44, -81.9663)
extent = 6.31169
bounds = AABB(-100.341, 16.1283, -88.278, 12.6234, 12.6234, 12.6234)
max_bounds_to_center_dist = 10.9322
min_bounds_to_center_dist = 6.31169
active_LOD_index = 2
metadata/class = "MMIOctreeNode"

[sub_resource type="Resource" id="Resource_w4520"]
resource_local_to_scene = true
resource_name = "MMIOctreeNode"
script = ExtResource("8_oanlo")
member_placeforms = []
child_nodes = []
max_members = 10
min_leaf_extent = 1.0
octant = 0
is_leaf = true
center_pos = Vector3(-84.5615, 6.66081, -97.7455)
extent = 3.15584
bounds = AABB(-87.7173, 3.50496, -100.901, 6.31169, 6.31169, 6.31169)
max_bounds_to_center_dist = 5.46608
min_bounds_to_center_dist = 3.15584
active_LOD_index = 2
metadata/class = "MMIOctreeNode"

[sub_resource type="Resource" id="Resource_jhmjw"]
resource_local_to_scene = true
resource_name = "MMIOctreeNode"
script = ExtResource("8_oanlo")
member_placeforms = []
child_nodes = []
max_members = 10
min_leaf_extent = 1.0
octant = 1
is_leaf = true
center_pos = Vector3(-84.5615, 6.66081, -91.4338)
extent = 3.15584
bounds = AABB(-87.7173, 3.50496, -94.5896, 6.31169, 6.31169, 6.31169)
max_bounds_to_center_dist = 5.46608
min_bounds_to_center_dist = 3.15584
active_LOD_index = 2
metadata/class = "MMIOctreeNode"

[sub_resource type="Resource" id="Resource_61mo7"]
resource_local_to_scene = true
resource_name = "MMIOctreeNode"
script = ExtResource("8_oanlo")
member_placeforms = [[Vector3(-85.0414, 12.8391, -98.7436), Vector3(-0.199545, 0.978943, -0.043039), Transform3D(0.973763, -0.199545, 0.1094, 0.193202, 0.978943, 0.0659044, -0.120247, -0.043039, 0.991811, -85.0414, 12.8391, -98.7436), 0], [Vector3(-87.191, 13.1117, -98.411), Vector3(-0.59225, 0.800042, -0.0957773), Transform3D(0.0299939, -0.59225, -0.805196, 0.140674, 0.800042, -0.583218, 0.989601, -0.0957773, 0.107311, -87.191, 13.1117, -98.411), 2], [Vector3(-82.6429, 12.2745, -96.8443), Vector3(-0.0978983, 0.995076, 0.0154868), Transform3D(0.516209, -0.0978983, 0.850849, 0.0640781, 0.995076, 0.0756168, -0.854062, 0.0154868, 0.51994, -82.6429, 12.2745, -96.8443), 5], [Vector3(-81.9281, 12.2032, -98.5263), Vector3(0.164542, 0.986184, -0.01914), Transform3D(0.968997, 0.164542, -0.184313, -0.157988, 0.986184, 0.0498032, 0.189961, -0.01914, 0.981605, -81.9281, 12.2032, -98.5263), 4]]
child_nodes = []
max_members = 10
min_leaf_extent = 1.0
octant = 2
is_leaf = true
center_pos = Vector3(-84.5615, 12.9725, -97.7455)
extent = 3.15584
bounds = AABB(-87.7173, 9.81665, -100.901, 6.31169, 6.31169, 6.31169)
max_bounds_to_center_dist = 5.46608
min_bounds_to_center_dist = 3.15584
active_LOD_index = 2
metadata/class = "MMIOctreeNode"

[sub_resource type="Resource" id="Resource_p2as4"]
resource_local_to_scene = true
resource_name = "MMIOctreeNode"
script = ExtResource("8_oanlo")
member_placeforms = [[Vector3(-84.7519, 13.7447, -91.7374), Vector3(-0.244369, 0.867099, -0.434077), Transform3D(0.646492, -0.244369, 0.722725, -0.187955, 0.867099, 0.461315, -0.739406, -0.434077, 0.514642, -84.7519, 13.7447, -91.7374), 2], [Vector3(-83.7087, 12.9334, -94.4505), Vector3(-0.299723, 0.878934, -0.371), Transform3D(-0.930023, -0.299723, 0.212659, -0.355867, 0.878934, -0.317542, -0.0917385, -0.371, -0.92409, -83.7087, 12.9334, -94.4505), 4], [Vector3(-87.1766, 13.5398, -94.4693), Vector3(-0.49241, 0.869907, 0.0281841), Transform3D(0.426617, -0.49241, -0.758637, 0.213008, 0.869907, -0.444848, 0.878991, 0.0281841, 0.476004, -87.1766, 13.5398, -94.4693), 2], [Vector3(-82.0582, 14.0277, -89.4638), Vector3(-0.124679, 0.79977, -0.587216), Transform3D(-0.980653, -0.124679, 0.150917, -0.189349, 0.79977, -0.569662, -0.0496736, -0.587216, -0.807904, -82.0582, 14.0277, -89.4638), 7], [Vector3(-86.7722, 14.2561, -90.3848), Vector3(-0.588194, 0.784916, -0.194766), Transform3D(0.803592, -0.588194, -0.0909218, 0.594338, 0.784916, 0.175123, -0.0316403, -0.194766, 0.980339, -86.7722, 14.2561, -90.3848), 3], [Vector3(-85.6007, 14.7147, -89.6087), Vector3(-0.588194, 0.784916, -0.194766), Transform3D(-0.161966, -0.588194, 0.792335, -0.350286, 0.784916, 0.511083, -0.922533, -0.194766, -0.333166, -85.6007, 14.7147, -89.6087), 3], [Vector3(-82.1957, 13.1776, -91.3684), Vector3(-0.191523, 0.872608, -0.449304), Transform3D(-0.319799, -0.191523, 0.927926, -0.488278, 0.872608, 0.0118258, -0.811981, -0.449304, -0.372576, -82.1957, 13.1776, -91.3684), 7], [Vector3(-87.0293, 13.9386, -91.42), Vector3(-0.484419, 0.851971, -0.198707), Transform3D(-0.468337, -0.484419, 0.738918, -0.444399, 0.851971, 0.276867, -0.763656, -0.198707, -0.614284, -87.0293, 13.9386, -91.42), 3]]
child_nodes = []
max_members = 10
min_leaf_extent = 1.0
octant = 3
is_leaf = true
center_pos = Vector3(-84.5615, 12.9725, -91.4338)
extent = 3.15584
bounds = AABB(-87.7173, 9.81665, -94.5896, 6.31169, 6.31169, 6.31169)
max_bounds_to_center_dist = 5.46608
min_bounds_to_center_dist = 3.15584
active_LOD_index = 2
metadata/class = "MMIOctreeNode"

[sub_resource type="Resource" id="Resource_k3odi"]
resource_local_to_scene = true
resource_name = "MMIOctreeNode"
script = ExtResource("8_oanlo")
member_placeforms = []
child_nodes = []
max_members = 10
min_leaf_extent = 1.0
octant = 4
is_leaf = true
center_pos = Vector3(-78.2498, 6.66081, -97.7455)
extent = 3.15584
bounds = AABB(-81.4056, 3.50496, -100.901, 6.31169, 6.31169, 6.31169)
max_bounds_to_center_dist = 5.46608
min_bounds_to_center_dist = 3.15584
active_LOD_index = 2
metadata/class = "MMIOctreeNode"

[sub_resource type="Resource" id="Resource_lb7es"]
resource_local_to_scene = true
resource_name = "MMIOctreeNode"
script = ExtResource("8_oanlo")
member_placeforms = []
child_nodes = []
max_members = 10
min_leaf_extent = 1.0
octant = 5
is_leaf = true
center_pos = Vector3(-78.2498, 6.66081, -91.4338)
extent = 3.15584
bounds = AABB(-81.4056, 3.50496, -94.5896, 6.31169, 6.31169, 6.31169)
max_bounds_to_center_dist = 5.46608
min_bounds_to_center_dist = 3.15584
active_LOD_index = 2
metadata/class = "MMIOctreeNode"

[sub_resource type="Resource" id="Resource_jvbm8"]
resource_local_to_scene = true
resource_name = "MMIOctreeNode"
script = ExtResource("8_oanlo")
member_placeforms = [[Vector3(-79.4972, 10.9779, -98.6866), Vector3(0.164542, 0.986184, -0.01914), Transform3D(-0.276414, 0.164542, -0.946848, 0.0647286, 0.986184, 0.152482, 0.958856, -0.01914, -0.283246, -79.4972, 10.9779, -98.6866), 0], [Vector3(-75.9014, 10.2679, -94.6314), Vector3(-0.170653, 0.938955, -0.298733), Transform3D(-0.87597, -0.170653, -0.451169, -0.00574974, 0.938955, -0.343993, 0.482331, -0.298733, -0.823478, -75.9014, 10.2679, -94.6314), 5], [Vector3(-78.7695, 10.8968, -96.1644), Vector3(-0.0561181, 0.919955, -0.387986), Transform3D(0.624583, -0.0561181, -0.77894, 0.335519, 0.919955, 0.202754, 0.705211, -0.387986, 0.593417, -78.7695, 10.8968, -96.1644), 1], [Vector3(-81.1639, 11.9938, -95.413), Vector3(-0.0416138, 0.953681, -0.297927), Transform3D(0.898658, -0.0416138, -0.436671, 0.166048, 0.953681, 0.250839, 0.406007, -0.297927, 0.863943, -81.1639, 11.9938, -95.413), 1], [Vector3(-80.9347, 11.4328, -100.263), Vector3(-0.186577, 0.905463, -0.381217), Transform3D(-0.951956, -0.186577, -0.242835, -0.0707108, 0.905463, -0.418494, 0.297959, -0.381217, -0.875153, -80.9347, 11.4328, -100.263), 0]]
child_nodes = []
max_members = 10
min_leaf_extent = 1.0
octant = 6
is_leaf = true
center_pos = Vector3(-78.2498, 12.9725, -97.7455)
extent = 3.15584
bounds = AABB(-81.4056, 9.81665, -100.901, 6.31169, 6.31169, 6.31169)
max_bounds_to_center_dist = 5.46608
min_bounds_to_center_dist = 3.15584
active_LOD_index = 2
metadata/class = "MMIOctreeNode"

[sub_resource type="Resource" id="Resource_60btt"]
resource_local_to_scene = true
resource_name = "MMIOctreeNode"
script = ExtResource("8_oanlo")
member_placeforms = [[Vector3(-77.2598, 11.4315, -91.9069), Vector3(-0.249517, 0.898939, -0.360069), Transform3D(0.31649, -0.249518, -0.915191, 0.427113, 0.898939, -0.0973829, 0.847, -0.360069, 0.391077, -77.2598, 11.4315, -91.9069), 4], [Vector3(-77.8754, 12.27, -88.9039), Vector3(-0.183266, 0.942537, -0.279351), Transform3D(0.180192, -0.183266, -0.966408, 0.311557, 0.942537, -0.120648, 0.932986, -0.279351, 0.226936, -77.8754, 12.27, -88.9039), 5], [Vector3(-79.6646, 12.1935, -91.4545), Vector3(-0.176859, 0.923841, -0.339469), Transform3D(0.278078, -0.17686, -0.944136, 0.377756, 0.923841, -0.0617963, 0.883161, -0.339469, 0.32371, -79.6646, 12.1935, -91.4545), 0], [Vector3(-75.1486, 10.9602, -90.6685), Vector3(-0.0972481, 0.903131, -0.418208), Transform3D(0.260527, -0.0972481, 0.960556, -0.382447, 0.903131, 0.195163, -0.886487, -0.418208, 0.198097, -75.1486, 10.9602, -90.6685), 5]]
child_nodes = []
max_members = 10
min_leaf_extent = 1.0
octant = 7
is_leaf = true
center_pos = Vector3(-78.2498, 12.9725, -91.4338)
extent = 3.15584
bounds = AABB(-81.4056, 9.81665, -94.5896, 6.31169, 6.31169, 6.31169)
max_bounds_to_center_dist = 5.46608
min_bounds_to_center_dist = 3.15584
active_LOD_index = 2
metadata/class = "MMIOctreeNode"

[sub_resource type="Resource" id="Resource_q1ev7"]
resource_local_to_scene = true
resource_name = "MMIOctreeNode"
script = ExtResource("8_oanlo")
member_placeforms = []
child_nodes = [SubResource("Resource_w4520"), SubResource("Resource_jhmjw"), SubResource("Resource_61mo7"), SubResource("Resource_p2as4"), SubResource("Resource_k3odi"), SubResource("Resource_lb7es"), SubResource("Resource_jvbm8"), SubResource("Resource_60btt")]
max_members = 10
min_leaf_extent = 1.0
octant = 4
is_leaf = false
center_pos = Vector3(-81.4056, 9.81665, -94.5896)
extent = 6.31169
bounds = AABB(-87.7173, 3.50496, -100.901, 12.6234, 12.6234, 12.6234)
max_bounds_to_center_dist = 10.9322
min_bounds_to_center_dist = 6.31169
active_LOD_index = 2
metadata/class = "MMIOctreeNode"

[sub_resource type="Resource" id="Resource_2irpc"]
resource_local_to_scene = true
resource_name = "MMIOctreeNode"
script = ExtResource("8_oanlo")
member_placeforms = []
child_nodes = []
max_members = 10
min_leaf_extent = 1.0
octant = 0
is_leaf = true
center_pos = Vector3(-84.5615, 6.66081, -85.1221)
extent = 3.15584
bounds = AABB(-87.7173, 3.50496, -88.278, 6.31169, 6.31169, 6.31169)
max_bounds_to_center_dist = 5.46608
min_bounds_to_center_dist = 3.15584
active_LOD_index = 2
metadata/class = "MMIOctreeNode"

[sub_resource type="Resource" id="Resource_gupha"]
resource_local_to_scene = true
resource_name = "MMIOctreeNode"
script = ExtResource("8_oanlo")
member_placeforms = []
child_nodes = []
max_members = 10
min_leaf_extent = 1.0
octant = 1
is_leaf = true
center_pos = Vector3(-84.5615, 6.66081, -78.8104)
extent = 3.15584
bounds = AABB(-87.7173, 3.50496, -81.9663, 6.31169, 6.31169, 6.31169)
max_bounds_to_center_dist = 5.46608
min_bounds_to_center_dist = 3.15584
active_LOD_index = 2
metadata/class = "MMIOctreeNode"

[sub_resource type="Resource" id="Resource_2g14e"]
resource_local_to_scene = true
resource_name = "MMIOctreeNode"
script = ExtResource("8_oanlo")
member_placeforms = [[Vector3(-83.8309, 16.012, -85.6613), Vector3(-0.32287, 0.848096, -0.420104), Transform3D(-0.890867, -0.32287, 0.319548, -0.422197, 0.848097, -0.320128, -0.167648, -0.420104, -0.891856, -83.8309, 16.012, -85.6613), 6], [Vector3(-84.8731, 15.3621, -87.5572), Vector3(-0.575362, 0.800728, -0.166711), Transform3D(0.0948025, -0.575362, 0.812386, -0.137165, 0.800728, 0.583113, -0.986001, -0.166711, -0.00300854, -84.8731, 15.3621, -87.5572), 2], [Vector3(-81.7132, 14.5143, -85.7948), Vector3(0.193721, 0.911661, -0.362418), Transform3D(-0.975693, 0.193721, 0.102443, 0.140459, 0.911661, -0.386194, -0.168207, -0.362418, -0.916711, -81.7132, 14.5143, -85.7948), 6]]
child_nodes = []
max_members = 10
min_leaf_extent = 1.0
octant = 2
is_leaf = true
center_pos = Vector3(-84.5615, 12.9725, -85.1221)
extent = 3.15584
bounds = AABB(-87.7173, 9.81665, -88.278, 6.31169, 6.31169, 6.31169)
max_bounds_to_center_dist = 5.46608
min_bounds_to_center_dist = 3.15584
active_LOD_index = 2
metadata/class = "MMIOctreeNode"

[sub_resource type="Resource" id="Resource_s54lv"]
resource_local_to_scene = true
resource_name = "MMIOctreeNode"
script = ExtResource("8_oanlo")
member_placeforms = [[Vector3(-87.6135, 15.2934, -76.0337), Vector3(-0.276545, 0.88818, 0.366959), Transform3D(-0.372963, -0.276545, 0.885676, 0.252727, 0.88818, 0.383752, -0.892764, 0.366959, -0.261368, -87.6135, 15.2934, -76.0337), 3], [Vector3(-86.2435, 15.6369, -76.0814), Vector3(-0.393039, 0.840723, 0.372433), Transform3D(0.0927477, -0.393039, -0.914832, -0.366716, 0.840723, -0.398378, 0.925698, 0.372433, -0.0661587, -86.2435, 15.6369, -76.0814), 3]]
child_nodes = []
max_members = 10
min_leaf_extent = 1.0
octant = 3
is_leaf = true
center_pos = Vector3(-84.5615, 12.9725, -78.8104)
extent = 3.15584
bounds = AABB(-87.7173, 9.81665, -81.9663, 6.31169, 6.31169, 6.31169)
max_bounds_to_center_dist = 5.46608
min_bounds_to_center_dist = 3.15584
active_LOD_index = 2
metadata/class = "MMIOctreeNode"

[sub_resource type="Resource" id="Resource_dwjc1"]
resource_local_to_scene = true
resource_name = "MMIOctreeNode"
script = ExtResource("8_oanlo")
member_placeforms = []
child_nodes = []
max_members = 10
min_leaf_extent = 1.0
octant = 4
is_leaf = true
center_pos = Vector3(-78.2498, 6.66081, -85.1221)
extent = 3.15584
bounds = AABB(-81.4056, 3.50496, -88.278, 6.31169, 6.31169, 6.31169)
max_bounds_to_center_dist = 5.46608
min_bounds_to_center_dist = 3.15584
active_LOD_index = 2
metadata/class = "MMIOctreeNode"

[sub_resource type="Resource" id="Resource_outxg"]
resource_local_to_scene = true
resource_name = "MMIOctreeNode"
script = ExtResource("8_oanlo")
member_placeforms = []
child_nodes = []
max_members = 10
min_leaf_extent = 1.0
octant = 5
is_leaf = true
center_pos = Vector3(-78.2498, 6.66081, -78.8104)
extent = 3.15584
bounds = AABB(-81.4056, 3.50496, -81.9663, 6.31169, 6.31169, 6.31169)
max_bounds_to_center_dist = 5.46608
min_bounds_to_center_dist = 3.15584
active_LOD_index = 2
metadata/class = "MMIOctreeNode"

[sub_resource type="Resource" id="Resource_eyv7p"]
resource_local_to_scene = true
resource_name = "MMIOctreeNode"
script = ExtResource("8_oanlo")
member_placeforms = [[Vector3(-75.2429, 11.5603, -84.9469), Vector3(-0.123546, 0.932981, -0.338058), Transform3D(0.918723, -0.123546, 0.375078, -0.0212246, 0.932981, 0.3593, -0.394331, -0.338058, 0.854529, -75.2429, 11.5603, -84.9469), 5], [Vector3(-77.8073, 13.1556, -82.4467), Vector3(-0.0355915, 0.948456, -0.314905), Transform3D(0.777589, -0.0355916, -0.627765, 0.22422, 0.948456, 0.223959, 0.587436, -0.314905, 0.745489, -77.8073, 13.1556, -82.4467), 7], [Vector3(-77.5917, 12.6374, -84.7555), Vector3(0.165454, 0.960347, -0.224408), Transform3D(0.936026, 0.165454, 0.310614, -0.22458, 0.960347, 0.16522, -0.270961, -0.224408, 0.936067, -77.5917, 12.6374, -84.7555), 5], [Vector3(-75.8638, 11.4421, -87.2143), Vector3(-0.0860194, 0.858944, -0.504793), Transform3D(-0.751277, -0.0860194, 0.654357, -0.388699, 0.858944, -0.333358, -0.533381, -0.504793, -0.678741, -75.8638, 11.4421, -87.2143), 4], [Vector3(-79.6606, 14.1303, -82.4269), Vector3(0.120604, 0.935849, -0.331122), Transform3D(-0.297925, 0.120604, 0.94694, -0.284059, 0.935849, -0.208561, -0.911346, -0.331122, -0.244554, -79.6606, 14.1303, -82.4269), 3], [Vector3(-80.7357, 13.5943, -87.8504), Vector3(0.159513, 0.890239, -0.42665), Transform3D(0.461017, 0.159513, -0.872937, 0.314987, 0.890239, 0.329026, 0.829606, -0.42665, 0.36017, -80.7357, 13.5943, -87.8504), 2], [Vector3(-77.9987, 12.343, -87.6351), Vector3(0.105337, 0.994059, -0.0273973), Transform3D(-0.248296, 0.105337, 0.96294, -0.000386821, 0.994059, -0.108841, -0.968684, -0.0273973, -0.24678, -77.9987, 12.343, -87.6351), 4]]
child_nodes = []
max_members = 10
min_leaf_extent = 1.0
octant = 6
is_leaf = true
center_pos = Vector3(-78.2498, 12.9725, -85.1221)
extent = 3.15584
bounds = AABB(-81.4056, 9.81665, -88.278, 6.31169, 6.31169, 6.31169)
max_bounds_to_center_dist = 5.46608
min_bounds_to_center_dist = 3.15584
active_LOD_index = 2
metadata/class = "MMIOctreeNode"

[sub_resource type="Resource" id="Resource_4kba1"]
resource_local_to_scene = true
resource_name = "MMIOctreeNode"
script = ExtResource("8_oanlo")
